TrialNumber	SentenceDuration	TimeToResponseStart	TimeToResponseEnd	SoundFile	ActiveChannels	SubjectResponse
1	1.9665	7.3778	18.8575	.\Filtered Sound Files\N4_Left_Ear_vocoder-none_TA720_22_21_20_19_18_17_16_15_14_13_12_11_10_09_08_07_06_05_04_03.WAV	22,21,20,19,18,17,16,15,14,13,12,11,10,09,08,07,06,05,04,03,	a man ... out in the country
2	2.5566	6.6004	25.592	.\Filtered Sound Files\N4_Left_Ear_vocoder-none_TA709_22_21_20_19_18_17_16_15_14_13_12_11_10_09_08_07_06_05_04_03.WAV	22,21,20,19,18,17,16,15,14,13,12,11,10,09,08,07,06,05,04,03,	It died in 1 alot time
3	2.3322	5.3878	23.179	.\Filtered Sound Files\N4_Left_Ear_vocoder-none_TA708_22_21_20_19_18_17_16_15_14_13_12_11_10_09_08_07_06_05_04_03.WAV	22,21,20,19,18,17,16,15,14,13,12,11,10,09,08,07,06,05,04,03,	He shook the boy in the summer time
4	2.2571	6.4089	29.6571	.\Filtered Sound Files\N4_Left_Ear_vocoder-none_TA712_22_21_20_19_18_17_16_15_14_13_12_11_10_09_08_07_06_05_04_03.WAV	22,21,20,19,18,17,16,15,14,13,12,11,10,09,08,07,06,05,04,03,	I lost the help in the ...
5	2.1579	18.7846	27.32	.\Filtered Sound Files\N4_Left_Ear_vocoder-none_TA701_22_21_20_19_18_17_16_15_14_13_12_11_10_09_08_07_06_05_04_03.WAV	22,21,20,19,18,17,16,15,14,13,12,11,10,09,08,07,06,05,04,03,	I read the ... in the front page
6	2.0875	4.5181	29.8123	.\Filtered Sound Files\N4_Left_Ear_vocoder-none_TA710_22_21_20_19_18_17_16_15_14_13_12_11_10_09_08_07_06_05_04_03.WAV	22,21,20,19,18,17,16,15,14,13,12,11,10,09,08,07,06,05,04,03,	The car struck the on cash nash..
7	2.3609	9.9411	19.1885	.\Filtered Sound Files\N4_Left_Ear_vocoder-none_AW686_22_21_20_19_18_17_16_15_14_13_12_11_10_09_08_07_06_05_04_03.WAV	22,21,20,19,18,17,16,15,14,13,12,11,10,09,08,07,06,05,04,03,	It went on the side ...
8	1.9937	4.2947	13.0141	.\Filtered Sound Files\N4_Left_Ear_vocoder-none_TA704_22_21_20_19_18_17_16_15_14_13_12_11_10_09_08_07_06_05_04_03.WAV	22,21,20,19,18,17,16,15,14,13,12,11,10,09,08,07,06,05,04,03,	Lay your ... next to the phone
9	2.3592	3.3557	15.7472	.\Filtered Sound Files\N4_Left_Ear_vocoder-none_AW693_22_21_20_19_18_17_16_15_14_13_12_11_10_09_08_07_06_05_04_03.WAV	22,21,20,19,18,17,16,15,14,13,12,11,10,09,08,07,06,05,04,03,	Lets get more at the ... tap
10	2.5901	4.6474	17.799	.\Filtered Sound Files\N4_Left_Ear_vocoder-none_AW689_22_21_20_19_18_17_16_15_14_13_12_11_10_09_08_07_06_05_04_03.WAV	22,21,20,19,18,17,16,15,14,13,12,11,10,09,08,07,06,05,04,03,	Heaven shared ... speech
11	2.6556	4.4189	12.7704	.\Filtered Sound Files\N4_Left_Ear_vocoder-none_AW699_22_21_20_19_18_17_16_15_14_13_12_11_10_09_08_07_06_05_04_03.WAV	22,21,20,19,18,17,16,15,14,13,12,11,10,09,08,07,06,05,04,03,	Lets get some now before the sharks come
12	2.8093	4.718	15.0775	.\Filtered Sound Files\N4_Left_Ear_vocoder-none_TA717_22_21_20_19_18_17_16_15_14_13_12_11_10_09_08_07_06_05_04_03.WAV	22,21,20,19,18,17,16,15,14,13,12,11,10,09,08,07,06,05,04,03,	A dying man ... ... ...
13	2.2146	5.4562	18.1998	.\Filtered Sound Files\N4_Left_Ear_vocoder-none_AW682_22_21_20_19_18_17_16_15_14_13_12_11_10_09_08_07_06_05_04_03.WAV	22,21,20,19,18,17,16,15,14,13,12,11,10,09,08,07,06,05,04,03,	A top toxic ... ... ...
14	2.1878	6.2976	13.4253	.\Filtered Sound Files\N4_Left_Ear_vocoder-none_TA713_22_21_20_19_18_17_16_15_14_13_12_11_10_09_08_07_06_05_04_03.WAV	22,21,20,19,18,17,16,15,14,13,12,11,10,09,08,07,06,05,04,03,	She ... ... ...
15	1.9766	6.1347	18.9021	.\Filtered Sound Files\N4_Left_Ear_vocoder-none_AW683_22_21_20_19_18_17_16_15_14_13_12_11_10_09_08_07_06_05_04_03.WAV	22,21,20,19,18,17,16,15,14,13,12,11,10,09,08,07,06,05,04,03,	He ... ... ... was personal
16	2.7105	4.0791	19.6386	.\Filtered Sound Files\N4_Left_Ear_vocoder-none_AW687_22_21_20_19_18_17_16_15_14_13_12_11_10_09_08_07_06_05_04_03.WAV	22,21,20,19,18,17,16,15,14,13,12,11,10,09,08,07,06,05,04,03,	The boy lacked any phsyical features
17	2.7931	4.736	18.3755	.\Filtered Sound Files\N4_Left_Ear_vocoder-none_AW691_22_21_20_19_18_17_16_15_14_13_12_11_10_09_08_07_06_05_04_03.WAV	22,21,20,19,18,17,16,15,14,13,12,11,10,09,08,07,06,05,04,03,	A star jammed itself in the stark dark
18	2.151	3.3268	10.0304	.\Filtered Sound Files\N4_Left_Ear_vocoder-none_TA705_22_21_20_19_18_17_16_15_14_13_12_11_10_09_08_07_06_05_04_03.WAV	22,21,20,19,18,17,16,15,14,13,12,11,10,09,08,07,06,05,04,03,	The red apples fell to the ground
19	2.089	4.2238	15.2953	.\Filtered Sound Files\N4_Left_Ear_vocoder-none_TA715_22_21_20_19_18_17_16_15_14_13_12_11_10_09_08_07_06_05_04_03.WAV	22,21,20,19,18,17,16,15,14,13,12,11,10,09,08,07,06,05,04,03,	The strong children conditioning
20	2.2258	6.3129	14.7604	.\Filtered Sound Files\N4_Left_Ear_vocoder-none_AW694_22_21_20_19_18_17_16_15_14_13_12_11_10_09_08_07_06_05_04_03.WAV	22,21,20,19,18,17,16,15,14,13,12,11,10,09,08,07,06,05,04,03,	Get the glasses back to the fishes
21	2.7525	4.5668	30.646	.\Filtered Sound Files\N4_Left_Ear_vocoder-none_AW681_22_21_20_19_18_17_16_15_14_13_12_11_10_09_08_07_06_05_04_03.WAV	22,21,20,19,18,17,16,15,14,13,12,11,10,09,08,07,06,05,04,03,	It's ben a ... ... across the lane ...
22	2.6018	4.4216	18.9571	.\Filtered Sound Files\N4_Left_Ear_vocoder-none_AW685_22_21_20_19_18_17_16_15_14_13_12_11_10_09_08_07_06_05_04_03.WAV	22,21,20,19,18,17,16,15,14,13,12,11,10,09,08,07,06,05,04,03,	A sketche was found lying next to the shirt
23	2.7208	4.5494	16.3091	.\Filtered Sound Files\N4_Left_Ear_vocoder-none_TA706_22_21_20_19_18_17_16_15_14_13_12_11_10_09_08_07_06_05_04_03.WAV	22,21,20,19,18,17,16,15,14,13,12,11,10,09,08,07,06,05,04,03,	A couple lie as sure as ...
24	2.3051	5.0562	15.0798	.\Filtered Sound Files\N4_Left_Ear_vocoder-none_AW698_22_21_20_19_18_17_16_15_14_13_12_11_10_09_08_07_06_05_04_03.WAV	22,21,20,19,18,17,16,15,14,13,12,11,10,09,08,07,06,05,04,03,	Stop looking out the front ... ....
25	2.7613	4.0155	20.3986	.\Filtered Sound Files\N4_Left_Ear_vocoder-none_TA716_22_21_20_19_18_17_16_15_14_13_12_11_10_09_08_07_06_05_04_03.WAV	22,21,20,19,18,17,16,15,14,13,12,11,10,09,08,07,06,05,04,03,	The grass witnessed ... in kids ..
26	2.2805	4.0096	11.5535	.\Filtered Sound Files\N4_Left_Ear_vocoder-none_TA703_22_21_20_19_18_17_16_15_14_13_12_11_10_09_08_07_06_05_04_03.WAV	22,21,20,19,18,17,16,15,14,13,12,11,10,09,08,07,06,05,04,03,	If the car works let it channel
27	2.9054	7.4328	17.3282	.\Filtered Sound Files\N4_Left_Ear_vocoder-none_TA718_22_21_20_19_18_17_16_15_14_13_12_11_10_09_08_07_06_05_04_03.WAV	22,21,20,19,18,17,16,15,14,13,12,11,10,09,08,07,06,05,04,03,	Its a tough storm on another line
28	2.5231	4.3969	16.5964	.\Filtered Sound Files\N4_Left_Ear_vocoder-none_TA711_22_21_20_19_18_17_16_15_14_13_12_11_10_09_08_07_06_05_04_03.WAV	22,21,20,19,18,17,16,15,14,13,12,11,10,09,08,07,06,05,04,03,	The gold plate ... cheese... the line
29	2.6564	4.2686	31.0916	.\Filtered Sound Files\N4_Left_Ear_vocoder-none_AW688_22_21_20_19_18_17_16_15_14_13_12_11_10_09_08_07_06_05_04_03.WAV	22,21,20,19,18,17,16,15,14,13,12,11,10,09,08,07,06,05,04,03,	A girl helped up a fort knox
30	2.713	4.4583	14.2183	.\Filtered Sound Files\N4_Left_Ear_vocoder-none_AW692_22_21_20_19_18_17_16_15_14_13_12_11_10_09_08_07_06_05_04_03.WAV	22,21,20,19,18,17,16,15,14,13,12,11,10,09,08,07,06,05,04,03,	There was a ... on the ... of the church
31	2.8561	4.5355	20.0471	.\Filtered Sound Files\N4_Left_Ear_vocoder-none_AW700_22_21_20_19_18_17_16_15_14_13_12_11_10_09_08_07_06_05_04_03.WAV	22,21,20,19,18,17,16,15,14,13,12,11,10,09,08,07,06,05,04,03,	A truck jumped the ... and swam upstream
32	2.4569	3.8179	15.7216	.\Filtered Sound Files\N4_Left_Ear_vocoder-none_AW690_22_21_20_19_18_17_16_15_14_13_12_11_10_09_08_07_06_05_04_03.WAV	22,21,20,19,18,17,16,15,14,13,12,11,10,09,08,07,06,05,04,03,	A tent... ... ... with the blouse
33	2.089	3.9019	15.8856	.\Filtered Sound Files\N4_Left_Ear_vocoder-none_TA719_22_21_20_19_18_17_16_15_14_13_12_11_10_09_08_07_06_05_04_03.WAV	22,21,20,19,18,17,16,15,14,13,12,11,10,09,08,07,06,05,04,03,	He told his ... as it comes
34	2.8981	3.9997	14.0872	.\Filtered Sound Files\N4_Left_Ear_vocoder-none_AW695_22_21_20_19_18_17_16_15_14_13_12_11_10_09_08_07_06_05_04_03.WAV	22,21,20,19,18,17,16,15,14,13,12,11,10,09,08,07,06,05,04,03,	A pop lands as ... ... the child
35	2.0744	3.995	20.8982	.\Filtered Sound Files\N4_Left_Ear_vocoder-none_AW684_22_21_20_19_18_17_16_15_14_13_12_11_10_09_08_07_06_05_04_03.WAV	22,21,20,19,18,17,16,15,14,13,12,11,10,09,08,07,06,05,04,03,	A duck ... was spinning ... .... ...
36	2.8153	6.3384	15.0099	.\Filtered Sound Files\N4_Left_Ear_vocoder-none_TA707_22_21_20_19_18_17_16_15_14_13_12_11_10_09_08_07_06_05_04_03.WAV	22,21,20,19,18,17,16,15,14,13,12,11,10,09,08,07,06,05,04,03,	Dake asked to keep ... in his room
37	2.6611	4.2551	17.6547	.\Filtered Sound Files\N4_Left_Ear_vocoder-none_AW697_22_21_20_19_18_17_16_15_14_13_12_11_10_09_08_07_06_05_04_03.WAV	22,21,20,19,18,17,16,15,14,13,12,11,10,09,08,07,06,05,04,03,	The ball ... ... the ... ... ...
38	2.2751	5.6649	14.3858	.\Filtered Sound Files\N4_Left_Ear_vocoder-none_TA702_22_21_20_19_18_17_16_15_14_13_12_11_10_09_08_07_06_05_04_03.WAV	22,21,20,19,18,17,16,15,14,13,12,11,10,09,08,07,06,05,04,03,	They ... the ... too much
39	2.8814	4.895	14.5674	.\Filtered Sound Files\N4_Left_Ear_vocoder-none_TA714_22_21_20_19_18_17_16_15_14_13_12_11_10_09_08_07_06_05_04_03.WAV	22,21,20,19,18,17,16,15,14,13,12,11,10,09,08,07,06,05,04,03,	A ... was found ... the beach
40	2.35	3.9607	15.3442	.\Filtered Sound Files\N4_Left_Ear_vocoder-none_AW696_22_21_20_19_18_17_16_15_14_13_12_11_10_09_08_07_06_05_04_03.WAV	22,21,20,19,18,17,16,15,14,13,12,11,10,09,08,07,06,05,04,03,	A lady ... ... ... ... ...
