TrialNumber	SentenceDuration	TimeToResponseStart	TimeToResponseEnd	SoundFile	ActiveChannels	SubjectResponse
1	1.9665	7.7657	25.4837	.\Filtered Sound Files\N17_Right_Ear_vocoder-none_TA720_22_21_20_19_18_17_16_15_14_13_12_11_10_09_08_07_06_05_04_03.WAV	22,21,20,19,18,17,16,15,14,13,12,11,10,09,08,07,06,05,04,03,	when you hear the bell
2	2.5566	12.1191	27.7664	.\Filtered Sound Files\N17_Right_Ear_vocoder-none_TA709_22_21_20_19_18_17_16_15_14_13_12_11_10_09_08_07_06_05_04_03.WAV	22,21,20,19,18,17,16,15,14,13,12,11,10,09,08,07,06,05,04,03,	arrive on time
3	2.3322	12.3161	38.4351	.\Filtered Sound Files\N17_Right_Ear_vocoder-none_TA708_22_21_20_19_18_17_16_15_14_13_12_11_10_09_08_07_06_05_04_03.WAV	22,21,20,19,18,17,16,15,14,13,12,11,10,09,08,07,06,05,04,03,	took the boy on a short turn
4	2.2571	9.8824	16.785	.\Filtered Sound Files\N17_Right_Ear_vocoder-none_TA712_22_21_20_19_18_17_16_15_14_13_12_11_10_09_08_07_06_05_04_03.WAV	22,21,20,19,18,17,16,15,14,13,12,11,10,09,08,07,06,05,04,03,	how long
5	2.1579	5.6845	22.748	.\Filtered Sound Files\N17_Right_Ear_vocoder-none_TA701_22_21_20_19_18_17_16_15_14_13_12_11_10_09_08_07_06_05_04_03.WAV	22,21,20,19,18,17,16,15,14,13,12,11,10,09,08,07,06,05,04,03,	turn the book to the first page
6	2.0875	7.165	30.2122	.\Filtered Sound Files\N17_Right_Ear_vocoder-none_TA710_22_21_20_19_18_17_16_15_14_13_12_11_10_09_08_07_06_05_04_03.WAV	22,21,20,19,18,17,16,15,14,13,12,11,10,09,08,07,06,05,04,03,	something was dropped last night
7	2.3609	8.2246	16.2561	.\Filtered Sound Files\N17_Right_Ear_vocoder-none_AW686_22_21_20_19_18_17_16_15_14_13_12_11_10_09_08_07_06_05_04_03.WAV	22,21,20,19,18,17,16,15,14,13,12,11,10,09,08,07,06,05,04,03,	side pocket
8	1.9937	4.4388	29.2711	.\Filtered Sound Files\N17_Right_Ear_vocoder-none_TA704_22_21_20_19_18_17_16_15_14_13_12_11_10_09_08_07_06_05_04_03.WAV	22,21,20,19,18,17,16,15,14,13,12,11,10,09,08,07,06,05,04,03,	would you please answer that phone
9	2.3592	9.6718	19.1593	.\Filtered Sound Files\N17_Right_Ear_vocoder-none_AW693_22_21_20_19_18_17_16_15_14_13_12_11_10_09_08_07_06_05_04_03.WAV	22,21,20,19,18,17,16,15,14,13,12,11,10,09,08,07,06,05,04,03,	board clasped
10	2.5901	8.4461	26.9006	.\Filtered Sound Files\N17_Right_Ear_vocoder-none_AW689_22_21_20_19_18_17_16_15_14_13_12_11_10_09_08_07_06_05_04_03.WAV	22,21,20,19,18,17,16,15,14,13,12,11,10,09,08,07,06,05,04,03,	7 seals.....sheets
11	2.6556	4.4413	29.2405	.\Filtered Sound Files\N17_Right_Ear_vocoder-none_AW699_22_21_20_19_18_17_16_15_14_13_12_11_10_09_08_07_06_05_04_03.WAV	22,21,20,19,18,17,16,15,14,13,12,11,10,09,08,07,06,05,04,03,	the streets are narrow & full of
12	2.8093	5.0793	35.7184	.\Filtered Sound Files\N17_Right_Ear_vocoder-none_TA717_22_21_20_19_18_17_16_15_14_13_12_11_10_09_08_07_06_05_04_03.WAV	22,21,20,19,18,17,16,15,14,13,12,11,10,09,08,07,06,05,04,03,	the blind man pocketed his coins
13	2.2146	9.4398	26.4551	.\Filtered Sound Files\N17_Right_Ear_vocoder-none_AW682_22_21_20_19_18_17_16_15_14_13_12_11_10_09_08_07_06_05_04_03.WAV	22,21,20,19,18,17,16,15,14,13,12,11,10,09,08,07,06,05,04,03,	takes less luggage space
14	2.1878	5.969	11.6567	.\Filtered Sound Files\N17_Right_Ear_vocoder-none_TA713_22_21_20_19_18_17_16_15_14_13_12_11_10_09_08_07_06_05_04_03.WAV	22,21,20,19,18,17,16,15,14,13,12,11,10,09,08,07,06,05,04,03,	nothing
15	1.9766	6.9871	25.7464	.\Filtered Sound Files\N17_Right_Ear_vocoder-none_AW683_22_21_20_19_18_17_16_15_14_13_12_11_10_09_08_07_06_05_04_03.WAV	22,21,20,19,18,17,16,15,14,13,12,11,10,09,08,07,06,05,04,03,	green ice frosted the punch bowl
16	2.7105	4.6386	27.0613	.\Filtered Sound Files\N17_Right_Ear_vocoder-none_AW687_22_21_20_19_18_17_16_15_14_13_12_11_10_09_08_07_06_05_04_03.WAV	22,21,20,19,18,17,16,15,14,13,12,11,10,09,08,07,06,05,04,03,	the gloss on to made it unfit to read
17	2.7931	10.5056	37.4	.\Filtered Sound Files\N17_Right_Ear_vocoder-none_AW691_22_21_20_19_18_17_16_15_14_13_12_11_10_09_08_07_06_05_04_03.WAV	22,21,20,19,18,17,16,15,14,13,12,11,10,09,08,07,06,05,04,03,	the store was before the sale could start
18	2.151	3.609	26.0006	.\Filtered Sound Files\N17_Right_Ear_vocoder-none_TA705_22_21_20_19_18_17_16_15_14_13_12_11_10_09_08_07_06_05_04_03.WAV	22,21,20,19,18,17,16,15,14,13,12,11,10,09,08,07,06,05,04,03,	the green apple fell to the ground
19	2.089	5.7202	16.8563	.\Filtered Sound Files\N17_Right_Ear_vocoder-none_TA715_22_21_20_19_18_17_16_15_14_13_12_11_10_09_08_07_06_05_04_03.WAV	22,21,20,19,18,17,16,15,14,13,12,11,10,09,08,07,06,05,04,03,	small children 
20	2.2258	10.5252	22.0527	.\Filtered Sound Files\N17_Right_Ear_vocoder-none_AW694_22_21_20_19_18_17_16_15_14_13_12_11_10_09_08_07_06_05_04_03.WAV	22,21,20,19,18,17,16,15,14,13,12,11,10,09,08,07,06,05,04,03,	nothing
21	2.7525	7.5865	44.8254	.\Filtered Sound Files\N17_Right_Ear_vocoder-none_AW681_22_21_20_19_18_17_16_15_14_13_12_11_10_09_08_07_06_05_04_03.WAV	22,21,20,19,18,17,16,15,14,13,12,11,10,09,08,07,06,05,04,03,	the stinging drop is worst than a drenching rain
22	2.6018	10.1508	25.8462	.\Filtered Sound Files\N17_Right_Ear_vocoder-none_AW685_22_21_20_19_18_17_16_15_14_13_12_11_10_09_08_07_06_05_04_03.WAV	22,21,20,19,18,17,16,15,14,13,12,11,10,09,08,07,06,05,04,03,	the skirt needs to be shorten
23	2.7208	6.1256	11.5892	.\Filtered Sound Files\N17_Right_Ear_vocoder-none_TA706_22_21_20_19_18_17_16_15_14_13_12_11_10_09_08_07_06_05_04_03.WAV	22,21,20,19,18,17,16,15,14,13,12,11,10,09,08,07,06,05,04,03,	nothing
24	2.3051	4.942	28.7662	.\Filtered Sound Files\N17_Right_Ear_vocoder-none_AW698_22_21_20_19_18_17_16_15_14_13_12_11_10_09_08_07_06_05_04_03.WAV	22,21,20,19,18,17,16,15,14,13,12,11,10,09,08,07,06,05,04,03,	stopped an stare at the hard worki8ng man
25	2.7613	4.1628	32.4169	.\Filtered Sound Files\N17_Right_Ear_vocoder-none_TA716_22_21_20_19_18_17_16_15_14_13_12_11_10_09_08_07_06_05_04_03.WAV	22,21,20,19,18,17,16,15,14,13,12,11,10,09,08,07,06,05,04,03,	the grass & bushes were wet with dew
26	2.2805	5.4266	10.2343	.\Filtered Sound Files\N17_Right_Ear_vocoder-none_TA703_22_21_20_19_18_17_16_15_14_13_12_11_10_09_08_07_06_05_04_03.WAV	22,21,20,19,18,17,16,15,14,13,12,11,10,09,08,07,06,05,04,03,	nothing
27	2.9054	4.4392	30.4545	.\Filtered Sound Files\N17_Right_Ear_vocoder-none_TA718_22_21_20_19_18_17_16_15_14_13_12_11_10_09_08_07_06_05_04_03.WAV	22,21,20,19,18,17,16,15,14,13,12,11,10,09,08,07,06,05,04,03,	a sever storm tore down the barn
28	2.5231	9.7317	23.5158	.\Filtered Sound Files\N17_Right_Ear_vocoder-none_TA711_22_21_20_19_18_17_16_15_14_13_12_11_10_09_08_07_06_05_04_03.WAV	22,21,20,19,18,17,16,15,14,13,12,11,10,09,08,07,06,05,04,03,	gold ring....girl
29	2.6564	6.2945	24.0218	.\Filtered Sound Files\N17_Right_Ear_vocoder-none_AW688_22_21_20_19_18_17_16_15_14_13_12_11_10_09_08_07_06_05_04_03.WAV	22,21,20,19,18,17,16,15,14,13,12,11,10,09,08,07,06,05,04,03,	the heel pattern on grass
30	2.713	6.9079	28.3558	.\Filtered Sound Files\N17_Right_Ear_vocoder-none_AW692_22_21_20_19_18_17_16_15_14_13_12_11_10_09_08_07_06_05_04_03.WAV	22,21,20,19,18,17,16,15,14,13,12,11,10,09,08,07,06,05,04,03,	there was brown....on something
31	2.8561	5.7115	10.3272	.\Filtered Sound Files\N17_Right_Ear_vocoder-none_AW700_22_21_20_19_18_17_16_15_14_13_12_11_10_09_08_07_06_05_04_03.WAV	22,21,20,19,18,17,16,15,14,13,12,11,10,09,08,07,06,05,04,03,	nothing
32	2.4569	9.098	36.697	.\Filtered Sound Files\N17_Right_Ear_vocoder-none_AW690_22_21_20_19_18_17_16_15_14_13_12_11_10_09_08_07_06_05_04_03.WAV	22,21,20,19,18,17,16,15,14,13,12,11,10,09,08,07,06,05,04,03,	strick heavy blows
33	2.089	5.2278	20.7311	.\Filtered Sound Files\N17_Right_Ear_vocoder-none_TA719_22_21_20_19_18_17_16_15_14_13_12_11_10_09_08_07_06_05_04_03.WAV	22,21,20,19,18,17,16,15,14,13,12,11,10,09,08,07,06,05,04,03,	she called her man many times
34	2.8981	6.2458	39.8294	.\Filtered Sound Files\N17_Right_Ear_vocoder-none_AW695_22_21_20_19_18_17_16_15_14_13_12_11_10_09_08_07_06_05_04_03.WAV	22,21,20,19,18,17,16,15,14,13,12,11,10,09,08,07,06,05,04,03,	the pot boiled many times it started to jell 
35	2.0744	4.1847	19.8801	.\Filtered Sound Files\N17_Right_Ear_vocoder-none_AW684_22_21_20_19_18_17_16_15_14_13_12_11_10_09_08_07_06_05_04_03.WAV	22,21,20,19,18,17,16,15,14,13,12,11,10,09,08,07,06,05,04,03,	the stuffed chairs
36	2.8153	10.8238	24.6952	.\Filtered Sound Files\N17_Right_Ear_vocoder-none_TA707_22_21_20_19_18_17_16_15_14_13_12_11_10_09_08_07_06_05_04_03.WAV	22,21,20,19,18,17,16,15,14,13,12,11,10,09,08,07,06,05,04,03,	to the throne
37	2.6611	7.6007	11.2483	.\Filtered Sound Files\N17_Right_Ear_vocoder-none_AW697_22_21_20_19_18_17_16_15_14_13_12_11_10_09_08_07_06_05_04_03.WAV	22,21,20,19,18,17,16,15,14,13,12,11,10,09,08,07,06,05,04,03,	ruins
38	2.2751	4.1145	8.4022	.\Filtered Sound Files\N17_Right_Ear_vocoder-none_TA702_22_21_20_19_18_17_16_15_14_13_12_11_10_09_08_07_06_05_04_03.WAV	22,21,20,19,18,17,16,15,14,13,12,11,10,09,08,07,06,05,04,03,	nothing
39	2.8814	9.5089	18.1244	.\Filtered Sound Files\N17_Right_Ear_vocoder-none_TA714_22_21_20_19_18_17_16_15_14_13_12_11_10_09_08_07_06_05_04_03.WAV	22,21,20,19,18,17,16,15,14,13,12,11,10,09,08,07,06,05,04,03,	onthe beach
40	2.35	4.0967	30.1925	.\Filtered Sound Files\N17_Right_Ear_vocoder-none_AW696_22_21_20_19_18_17_16_15_14_13_12_11_10_09_08_07_06_05_04_03.WAV	22,21,20,19,18,17,16,15,14,13,12,11,10,09,08,07,06,05,04,03,	the baby put his right foot in his mouth
